# bidirectional gaussian windrose: deg, prob, speed
0.000000000000000000e+00 8.000000000000000000e+00 1.156919137264631478e-03
1.800000000000000000e+01 8.000000000000000000e+00 5.151783121956456275e-03
3.600000000000000000e+01 8.000000000000000000e+00 1.724265000316980989e-02
5.400000000000000000e+01 8.000000000000000000e+00 4.115120018496955939e-02
7.200000000000000000e+01 8.000000000000000000e+00 6.942263521358021938e-02
9.000000000000000000e+01 8.000000000000000000e+00 8.265067608530812793e-02
1.080000000000000000e+02 8.000000000000000000e+00 6.942274161217552864e-02
1.260000000000000000e+02 8.000000000000000000e+00 4.115329828344983093e-02
1.440000000000000000e+02 8.000000000000000000e+00 1.727170413922961278e-02
1.620000000000000000e+02 8.000000000000000000e+00 5.434746190894292409e-03
1.800000000000000000e+02 8.000000000000000000e+00 3.096226416691610136e-03
1.980000000000000000e+02 8.000000000000000000e+00 9.623381879317206150e-03
2.160000000000000000e+02 8.000000000000000000e+00 3.194112874977420025e-02
2.340000000000000000e+02 8.000000000000000000e+00 7.632820715290505875e-02
2.520000000000000000e+02 8.000000000000000000e+00 1.288312282005510956e-01
2.700000000000000000e+02 8.000000000000000000e+00 1.533975276462151704e-01
2.880000000000000000e+02 8.000000000000000000e+00 1.288312282005510956e-01
3.060000000000000000e+02 8.000000000000000000e+00 7.632820715290505875e-02
3.240000000000000000e+02 8.000000000000000000e+00 3.194112874977420025e-02
3.420000000000000000e+02 8.000000000000000000e+00 9.623381879317206150e-03
